%YAML:1.0
---
left_camera:
   imageSize: [ 2592, 2048 ]
   K: !!opencv-matrix
      rows: 3
      cols: 3
      dt: d
      data: [ 3.4830595043035169e+03, 0., 1.2997166420237520e+03, 0.,
          3.4830830585310009e+03, 1.0190730945768520e+03, 0., 0., 1. ]
   D: [ 1.7822976026478229e-01, 6.1057863392780698e-01,
       1.4268870581693981e-03, 3.8765148290185740e-03,
       -2.1668699978423458e+00 ]
   R_w2c: !!opencv-matrix
      rows: 3
      cols: 3
      dt: d
      data: [ 1., 0., 0., 0., 1., 0., 0., 0., 1. ]
   t_w2c: [ 0., 0., 0. ]
right_camera:
   imageSize: [ 2592, 2048 ]
   K: !!opencv-matrix
      rows: 3
      cols: 3
      dt: d
      data: [ 3.4862235556661831e+03, 0., 1.2734537832451419e+03, 0.,
          3.4851683001994388e+03, 1.0325276705015940e+03, 0., 0., 1. ]
   D: [ 1.7948789618393540e-01, 5.2592431286030217e-01,
       9.6275599082939545e-04, -2.1679305202650751e-03,
       -6.5070580674479284e-01 ]
   R_w2c: !!opencv-matrix
      rows: 3
      cols: 3
      dt: d
      data: [ 8.2613810737360382e-01, -1.1797523196972279e-02,
          5.6334416300479817e-01, 1.3711738809536741e-02,
          9.9990564366733914e-01, 8.3185396745305215e-04,
          -5.6330082173202878e-01, 7.0372017607159944e-03,
          8.2622192056819699e-01 ]
   t_w2c: [ -3.3165208968959342e+02, 2.2829168881548290e+00,
       1.0997824005992810e+02 ]
