%YAML:1.0
---
left_camera:
   camera_model:
      imageSize: [ 2592, 2048 ]
      K: !!opencv-matrix
         rows: 3
         cols: 3
         dt: d
         data: [ 2.6027372573794496e+03, 0., 1.2959348566985470e+03, 0.,
             2.6043806523785097e+03, 9.9738716234834158e+02, 0., 0., 1. ]
      D: [ -1.0269232756002607e-01, 1.2132386526679516e-01,
          -3.1963705586271951e-04, 9.6961189006740755e-05,
          -8.1794207296851454e-02 ]
      R_w2c: !!opencv-matrix
         rows: 3
         cols: 3
         dt: d
         data: [ 1., 0., 0., 0., 1., 0., 0., 0., 1. ]
      t_w2c: [ 0., 0., 0. ]
   n_air: 1.
   n_glass: 1.5000000000000000e+00
   n_water: 1.3300000000000001e+00
   d_housing: 2.4620666090465456e+01
   d_glass: 5.
   glass_normal: [ 4.2128774069217917e-03, 1.0264213503613099e-02,
       9.9993844689816103e-01 ]
right_camera:
   camera_model:
      imageSize: [ 2592, 2048 ]
      K: !!opencv-matrix
         rows: 3
         cols: 3
         dt: d
         data: [ 2.5907165209605400e+03, 0., 1.2977832450725828e+03, 0.,
             2.5912652544571856e+03, 1.0312317492573584e+03, 0., 0., 1. ]
      D: [ -9.7471192555047187e-02, 9.5253612974820545e-02,
          1.3383459093551639e-04, -3.2757586139428758e-04,
          1.6675109644075634e-02 ]
      R_w2c: !!opencv-matrix
         rows: 3
         cols: 3
         dt: d
         data: [ 8.3631290961474736e-01, -2.5861201698332944e-02,
             5.4764214178460902e-01, 2.7816795497434498e-02,
             9.9960187302423908e-01, 4.7245459767977904e-03,
             -5.4754629311134007e-01, 1.1282450671335082e-02,
             8.3669932664421298e-01 ]
      t_w2c: [ -3.4317976474300912e+02, -1.8548153617228404e+00,
          1.0574801068553013e+02 ]
   n_air: 1.
   n_glass: 1.5000000000000000e+00
   n_water: 1.3300000000000001e+00
   d_housing: 1.8138742232849324e+01
   d_glass: 5.
   glass_normal: [ -2.2881197371998722e-02, -3.4033778427799981e-03,
       9.9973239810765502e-01 ]
