%YAML:1.0
---
left_camera:
   imageSize: [ 4096, 3000 ]
   K: !!opencv-matrix
      rows: 3
      cols: 3
      dt: d
      data: [ 3.4483618470578499e+03, 0., 2.0447832173559650e+03, 0.,
          3.4469305078710172e+03, 1.5057646623897820e+03, 0., 0., 1. ]
   D: [ 2.4082476898731900e-01, 3.4482364038836982e-01,
       3.6126911245056921e-03, -2.3192344102220710e-03,
       2.4820819323509291e-01 ]
   R_w2c: !!opencv-matrix
      rows: 3
      cols: 3
      dt: d
      data: [ 1., 0., 0., 0., 1., 0., 0., 0., 1. ]
   t_w2c: [ 0., 0., 0. ]
right_camera:
   imageSize: [ 4096, 3000 ]
   K: !!opencv-matrix
      rows: 3
      cols: 3
      dt: d
      data: [ 3.4662228422742901e+03, 0., 2.0609377096165949e+03, 0.,
          3.4647498811776550e+03, 1.5051413405320029e+03, 0., 0., 1. ]
   D: [ 2.5031528791982971e-01, 2.5480450238396030e-01,
       3.1279531357518721e-03, 1.8749333022373470e-03,
       5.7333192986017356e-01 ]
   R_w2c: !!opencv-matrix
      rows: 3
      cols: 3
      dt: d
      data: [ 9.9989994149438355e-01, 1.3385401642324470e-02,
          -4.5758083878020221e-03, -1.3368643846507130e-02,
          9.9990388799185570e-01, 3.6734371473877260e-03,
          4.6245390292946140e-03, -3.6118972361098870e-03,
          9.9998278377036187e-01 ]
   t_w2c: [ -1.5057645153856899e+02, 3.3671017464532721e-01,
       2.9340244345328709e-01 ]
