%YAML:1.0
---
left_camera:
   camera_model:
      imageSize: [ 2592, 2048 ]
      K: !!opencv-matrix
         rows: 3
         cols: 3
         dt: d
         data: [ 2.5950987982428869e+03, 0., 1.2750484782901310e+03, 0.,
             2.5952662939367042e+03, 1.0109012143418930e+03, 0., 0., 1. ]
      D: [ -9.9416647112248471e-02, 1.0316052755652250e-01,
          -4.1495036359749123e-05, -1.2742204469275110e-04,
          -4.3506400544953562e-02 ]
      R_w2c: !!opencv-matrix
         rows: 3
         cols: 3
         dt: d
         data: [ 1., 0., 0., 0., 1., 0., 0., 0., 1. ]
      t_w2c: [ 0., 0., 0. ]
   n_air: 1.
   n_glass: 1.5000000000000000e+00
   n_water: 1.3330000000000000e+00
   d_housing: 2.0242599999999999e+01
   d_glass: 5.
   glass_normal: [ -3.0297200000000001e-03, -7.0320900000000004e-03,
       9.9997100000000005e-01 ]
right_camera:
   camera_model:
      imageSize: [ 2592, 2048 ]
      K: !!opencv-matrix
         rows: 3
         cols: 3
         dt: d
         data: [ 2.6030378047763752e+03, 0., 1.2852444558201910e+03, 0.,
             2.6031263314630660e+03, 1.0300776128545710e+03, 0., 0., 1. ]
      D: [ -1.0155867096203409e-01, 1.3347548388304240e-01,
          1.0107610350000550e-04, -2.6341955401253808e-04,
          -1.0306023502373469e-01 ]
      R_w2c: !!opencv-matrix
         rows: 3
         cols: 3
         dt: d
         data: [ 8.2613810737360382e-01, -1.1797523196972279e-02,
             5.6334416300479817e-01, 1.3711738809536741e-02,
             9.9990564366733914e-01, 8.3185396745305215e-04,
             -5.6330082173202878e-01, 7.0372017607159944e-03,
             8.2622192056819699e-01 ]
      t_w2c: [ -3.3165208968959342e+02, 2.2829168881548290e+00,
          1.0997824005992810e+02 ]
   n_air: 1.
   n_glass: 1.5000000000000000e+00
   n_water: 1.3330000000000000e+00
   d_housing: 1.9382500000000000e+01
   d_glass: 5.
   glass_normal: [ -2.4085199999999999e-03, -5.8742300000000002e-03,
       9.9997999999999998e-01 ]
