%YAML:1.0
---
left_camera:
   camera_model:
      imageSize: [ 4096, 3000 ]
      K: !!opencv-matrix
         rows: 3
         cols: 3
         dt: d
         data: [ 2.5457862998474120e+03, 0., 2.0566081528968161e+03, 0.,
             2.5466665672810809e+03, 1.4880223908744090e+03, 0., 0., 1. ]
      D: [ -6.8514391585834528e-02, 7.8208611341575793e-02,
          5.0110481806123111e-04, 5.3252045611727338e-05,
          -1.5862555491397770e-02 ]
      R_w2c: !!opencv-matrix
         rows: 3
         cols: 3
         dt: d
         data: [ 1., 0., 0., 0., 1., 0., 0., 0., 1. ]
      t_w2c: [ 0., 0., 0. ]
   n_air: 1.
   n_glass: 1.5000000000000000e+00
   n_water: 1.3330000000000000e+00
   d_housing: 2.3974499999999999e+01
   d_glass: 5.
   glass_normal: [ 9.2846800000000000e-03, 1.7979100000000001e-02,
       9.9979499999999999e-01 ]
right_camera:
   camera_model:
      imageSize: [ 4096, 3000 ]
      K: !!opencv-matrix
         rows: 3
         cols: 3
         dt: d
         data: [ 2.5481380154909011e+03, 0., 2.0619258361390112e+03, 0.,
             2.5491489016773671e+03, 1.4776087001224610e+03, 0., 0., 1. ]
      D: [ -6.9513004439596141e-02, 7.3985024952829812e-02,
          -3.0373295472456853e-04, 1.0377110362743620e-03,
          -1.3056977587186210e-02 ]
      R_w2c: !!opencv-matrix
         rows: 3
         cols: 3
         dt: d
         data: [ 9.9989994149438355e-01, 1.3385401642324470e-02,
             -4.5758083878020221e-03, -1.3368643846507130e-02,
             9.9990388799185570e-01, 3.6734371473877260e-03,
             4.6245390292946140e-03, -3.6118972361098870e-03,
             9.9998278377036187e-01 ]
      t_w2c: [ -1.5057645153856899e+02, 3.3671017464532721e-01,
          2.9340244345328709e-01 ]
   n_air: 1.
   n_glass: 1.5000000000000000e+00
   n_water: 1.3330000000000000e+00
   d_housing: 2.4314800000000002e+01
   d_glass: 5.
   glass_normal: [ -1.4588200000000001e-02, 3.1647399999999999e-02,
       9.9939299999999998e-01 ]
