%YAML:1.0
---
imageSize: [ 2592, 2048 ]
K: !!opencv-matrix
   rows: 3
   cols: 3
   dt: d
   data: [ 2.6131915012574541e+03, 0., 1.3049391733754119e+03, 0.,
       2.6125516158778732e+03, 1.0382385779687536e+03, 0., 0., 1. ]
D: [ -1.0051821753341537e-01, 1.2498283885563122e-01,
    1.5069161894109366e-04, 3.0069855310577284e-04,
    -8.4411066614804880e-02 ]
R_w2c: !!opencv-matrix
   rows: 3
   cols: 3
   dt: d
   data: [ 1., 0., 0., 0., 1., 0., 0., 0., 1. ]
t_w2c: [ 0., 0., 0. ]
