%YAML:1.0
---
camera_model:
   imageSize: [ 2592, 2048 ]
   K: !!opencv-matrix
      rows: 3
      cols: 3
      dt: d
      data: [ 2.6030378047763752e+03, 0., 1.2852444558201910e+03, 0.,
          2.6031263314630660e+03, 1.0300776128545710e+03, 0., 0., 1. ]
   D: [ -1.0155867096203409e-01, 1.3347548388304240e-01,
       1.0107610350000550e-04, -2.6341955401253808e-04,
       -1.0306023502373469e-01 ]
   R_w2c: !!opencv-matrix
      rows: 3
      cols: 3
      dt: d
      data: [ 8.2613810737360382e-01, -1.1797523196972279e-02,
          5.6334416300479817e-01, 1.3711738809536741e-02,
          9.9990564366733914e-01, 8.3185396745305215e-04,
          -5.6330082173202878e-01, 7.0372017607159944e-03,
          8.2622192056819699e-01 ]
   t_w2c: [ -3.3165208968959342e+02, 2.2829168881548290e+00,
       1.0997824005992810e+02 ]
n_air: 1.
n_glass: 1.5000000000000000e+00
n_water: 1.3330000000000000e+00
d_housing: 1.9382500000000000e+01
d_glass: 5.
glass_normal: [ -2.4085196291522126e-03, -5.8742290955253861e-03,
    9.9997984602977330e-01 ]
