%YAML:1.0
---
camera_model:
   imageSize: [ 4096, 3000 ]
   K: !!opencv-matrix
      rows: 3
      cols: 3
      dt: d
      data: [ 2.5457862998474120e+03, 0., 2.0566081528968161e+03, 0.,
          2.5466665672810809e+03, 1.4880223908744090e+03, 0., 0., 1. ]
   D: [ -6.8514391585834528e-02, 7.8208611341575793e-02,
       5.0110481806123111e-04, 5.3252045611727338e-05,
       -1.5862555491397770e-02 ]
   R_w2c: !!opencv-matrix
      rows: 3
      cols: 3
      dt: d
      data: [ 1., 0., 0., 0., 1., 0., 0., 0., 1. ]
   t_w2c: [ 0., 0., 0. ]
n_air: 1.
n_glass: 1.5000000000000000e+00
n_water: 1.3330000000000000e+00
d_housing: 2.3974499999999999e+01
d_glass: 5.
glass_normal: [ 9.2846823427832435e-03, 1.7979104536627457e-02,
    9.9979525227611210e-01 ]
