%YAML:1.0
---
imageSize: [ 2592, 2048 ]
K: !!opencv-matrix
   rows: 3
   cols: 3
   dt: d
   data: [ 2.6025891663159505e+03, 0., 1.2958971522926383e+03, 0.,
       2.6042334438782427e+03, 9.9737561424352168e+02, 0., 0., 1. ]
D: [ -1.0269249080545313e-01, 1.2134879629498274e-01,
    -3.1933470427023767e-04, 9.8162873502826738e-05,
    -8.1964987682073692e-02 ]
R_w2c: !!opencv-matrix
   rows: 3
   cols: 3
   dt: d
   data: [ 1., 0., 0., 0., 1., 0., 0., 0., 1. ]
t_w2c: [ 0., 0., 0. ]
