%YAML:1.0
---
imageSize: [ 2592, 2048 ]
K: !!opencv-matrix
   rows: 3
   cols: 3
   dt: d
   data: [ 2.7296512598573736e+03, 0., 1.3193023747394950e+03, 0.,
       2.7229239457955964e+03, 1.0257057448128369e+03, 0., 0., 1. ]
D: [ -1.2410054540244340e-01, 2.1587859918621230e-01,
    -9.0457545691699699e-04, 3.6144436745310385e-04,
    -2.3232433994234683e-01 ]
R_w2c: !!opencv-matrix
   rows: 3
   cols: 3
   dt: d
   data: [ 1., 0., 0., 0., 1., 0., 0., 0., 1. ]
t_w2c: [ 0., 0., 0. ]
