%YAML:1.0
---
camera_model:
   imageSize: [ 2592, 2048 ]
   K: !!opencv-matrix
      rows: 3
      cols: 3
      dt: d
      data: [ 2.5950987982428869e+03, 0., 1.2750484782901310e+03, 0.,
          2.5952662939367042e+03, 1.0109012143418930e+03, 0., 0., 1. ]
   D: [ -9.9416647112248471e-02, 1.0316052755652250e-01,
       -4.1495036359749123e-05, -1.2742204469275110e-04,
       -4.3506400544953562e-02 ]
   R_w2c: !!opencv-matrix
      rows: 3
      cols: 3
      dt: d
      data: [ 1., 0., 0., 0., 1., 0., 0., 0., 1. ]
   t_w2c: [ 0., 0., 0. ]
n_air: 1.
n_glass: 1.5000000000000000e+00
n_water: 1.3330000000000000e+00
d_housing: 2.0242599999999999e+01
d_glass: 5.
glass_normal: [ -3.0297190451326179e-03, -7.0320877837181757e-03,
    9.9997068484226559e-01 ]
